80509,
9275,
34104,
87618,
45634,
31628,
98256,
66586,
39471,
35147,
12921,
25780,
75857,
73496,
76560,
8101,
47788,
29643,
79331,
59641,
83583,
33638,
6403,
79158,
92715,
3028,
16127,
40249,
41396,
64977,
83318,
84530,
23305,
26084,
96326,
56765,
89117,
67112,
13356,
47761,
34887,
57782,
28282,
80888,
70078,
73432,
74116,
67577,
27086,
26935,
1169,
94744,
33697,
10667,
41281,
46871,
2871,
54946,
94903,
42606,
15500,
58007,
25189,
74493,
51828,
28390,
2475,
49773,
77169,
19794,
18984,
80676,
16287,
31570,
24754,
25800,
5356,
25515,
9079,
19283,
28912,
48550,
13163,
14460,
63808,
88574,
50833,
12637,
84802,
49455,
53894,
34170,
72208,
70750,
32261,
76880,
32593,
53788,
29060,
41688,
70957,
24342,
90407,
7291,
7951,
20492,
78456,
2126,
85912,
15480,
41514,
77356,
45866,
75620,
13693,
66949,
44844,
10728,
10685,
63254,
77557,
89837,
64970,
27714,
65900,
84813,
8467,
45537,
99309,
47874,
93207,
51568,
96455,
67391,
48325,
4569,
58143,
5871,
6509,
43315,
10117,
48707,
26725,
69321,
7940,
76538,
88303,
96588,
57056,
65311,
32036,
21864,
43102,
65805,
64131,
81119,
59372,
62693,
41391,
23138,
12024,
32919,
2816,
38038,
22273,
89946,
80901,
78475,
27294,
9123,
8806,
38972,
4219,
67370,
53136,
28849,
63112,
95648,
19773,
89362,
96509,
11879,
88480,
33998,
15837,
71342,
8465,
30649,
3259,
67206,
45197,
95449,
64480,
83371,
31290,
77198,
45890,
88686,
47047,
17994,
95637,
9828,
69293,
47933,
56505,
93063,
17645,
75732,
12669,
35281,
18007,
63723,
42919,
52029,
26628,
145,
44439,
68818,
22200,
50931,
81481,
50251,
75215,
60088,
63925,
13356,
74492,
20848,
36079,
75938,
82959,
74425,
48600,
1779,
93725,
86681,
42586,
40547,
77492,
22774,
53697,
32732,
17980,
67978,
49198,
81474,
52530,
12450,
56742,
31145,
32759,
77071,
66485,
96116,
36513,
45385,
34612,
9204,
84007,
43148,
18570,
96797,
39653,
36730,
52321,
43582,
15122,
41140,
58304,
39946,
57559,
3892,
91325,
99426,
97234,
48748,
32271,
7237,
10890,
82451,
60826,
62041,
64105,
4934,
43179,
5888,
7940,
52484,
65266,
48339,
52069,
33381,
56539,
34344,
4203,
56899,
93079,
81249,
15656,
5616,
66351,
11390,
54146,
16795,
73586,
28867,
85745,
67059,
98882,
87764,
13113,
27374,
98314,
1556,
82322,
56528,
32691,
34718,
93551,
46433,
35642,
62638,
75874,
9964,
87877,
24177,
47352,
56981,
95222,
40334,
55669,
51021,
91580,
5274,
16099,
49436,
7895,
47310,
31348,
14312,
20142,
40880,
53602,
77501,
35225,
24694,
35066,
54982,
52021,
47674,
24208,
58360,
87698,
69223,
69974,
3713,
35515,
44182,
28918,
49408,
81514,
28764,
71837,
58547,
32095,
62091,
35794,
93040,
85457,
32886,
48633,
85381,
3369,
79238,
26291,
94761,
9036,
98372,
74738,
63182,
89110,
92370,
4959,
47547,
16125,
97308,
63323,
22357,
35300,
12386,
13920,
63713,
18391,
81940,
32798,
91378,
69043,
95054,
45406,
73134,
88900,
42026,
69525,
19135,
99041,
38827,
54991,
8459,
42932,
75212,
94676,
37143,
69443,
65735,
60297,
89144,
23804,
24289,
42421,
34786,
98768,
13436,
57739,
73070,
18966,
84920,
66989,
21429,
46440,
34912,
25717,
13982,
52965,
1604,
74282,
47084,
22844,
85823,
48506,
77298,
42317,
54863,
79425,
60087,
17709,
76776,
94269,
52656,
21642,
43654,
67573,
44754,
52632,
10619,
74365,
75463,
84286,
96454,
169,
14120,
71837,
33561,
62019,
8019,
49494,
80694,
84177,
67839,
91453,
13213,
66299,
37981,
75782,
65123,
92469,
43904,
34011,
97652,
55361,
42189,
90651,
14333,
99787,
2786,
67339,
80963,
61349,
42345,
27238,
98818,
62797,
26389,
85654,
34386,
5461,
8755,
92844,
71405,
10592,
37014,
