27357,
29029,
-1242,
77761,
51923,
13142,
-59353,
60663,
23083,
-47274,
61697,
-31339,
-97750,
-82314,
-80286,
99990,
89618,
49407,
252,
27357,
9516,
83516,
72736,
32884,
40460,
18470,
-22744,
94975,
10268,
50746,
-74893,
42985,
-49937,
36920,
-52358,
89997,
71471,
-29045,
47939,
73033,
41172,
-2601,
51684,
93959,
-60513,
-12752,
-78305,
1147,
-95305,
-9083,
91969,
-52774,
16460,
-84915,
31321,
43840,
56293,
65874,
-62699,
-66547,
-64114,
-54328,
-49605,
72337,
-72382,
-81289,
-81402,
-34671,
70044,
-70283,
-71481,
18663,
-98533,
27219,
86185,
-87884,
-68169,
78776,
-6604,
-46789,
-3226,
76108,
90279,
-80649,
58776,
77880,
-73475,
-65023,
-94401,
3801,
-66297,
-94404,
-66346,
14486,
37146,
-4500,
-52996,
79346,
66340,
-79225,
-31350,
56365,
31103,
74978,
-37603,
-26694,
-54241,
89241,
-71100,
19204,
12009,
77516,
-27523,
84089,
36678,
-40222,
-44608,
-68957,
-86439,
-50263,
92186,
83621,
-40270,
-33758,
96013,
-77078,
-14992,
-13019,
90072,
-9316,
65112,
-47516,
-87564,
-27380,
84561,
40409,
-54996,
-84700,
56953,
-14531,
32121,
-62716,
-93924,
-13606,
91792,
-43813,
33119,
-50436,
77807,
-22632,
-59893,
-84040,
65785,
16603,
-71411,
-14972,
-3366,
-35140,
78965,
-60526,
88297,
58778,
99168,
38216,
54092,
-40476,
65080,
99857,
99528,
96269,
-85227,
-59909,
-25911,
28091,
17615,
54902,
77544,
73336,
-25550,
39825,
-10197,
-64556,
9173,
12703,
-49424,
49151,
-13302,
-4168,
-55969,
-468,
-56226,
80144,
-63665,
17478,
-2829,
73343,
-61885,
-32140,
32302,
32267,
-8893,
33262,
-49964,
81537,
-37406,
-99984,
41871,
-62306,
98987,
-26314,
7484,
23298,
90410,
-60861,
49671,
52853,
-50396,
-13535,
-12361,
-95060,
72825,
-30753,
55825,
-5,
52495,
-65371,
-96244,
56610,
-69081,
44272,
16787,
9684,
-58967,
42182,
-51282,
56541,
85407,
27635,
-49891,
-49440,
-92720,
-50996,
-3155,
70344,
92048,
20475,
89734,
97195,
67807,
44317,
23739,
51650,
80221,
27362,
59442,
-78141,
77436,
50041,
-70958,
-72035,
96259,
85260,
-93226,
-45286,
56899,
97800,
-17735,
-51773,
90421,
93129,
67446,
21968,
-63645,
-62922,
97659,
23820,
72401,
85480,
7947,
-67981,
-55105,
-93440,
88803,
-13399,
-79468,
65136,
29463,
13671,
82740,
-73142,
79105,
-64634,
-1408,
-77857,
-45699,
-77980,
-57771,
-57870,
-86555,
94248,
-61790,
41506,
-93226,
74677,
76871,
-98230,
15294,
43142,
29702,
-64379,
-50542,
91955,
-57907,
97023,
83069,
89698,
96457,
20173,
-65818,
91762,
-31663,
68593,
-34514,
63563,
-85976,
32080,
-76625,
-85789,
82777,
75638,
-18409,
30270,
72035,
13699,
93809,
3388,
99786,
-85875,
9730,
-81238,
-50158,
86320,
83968,
47118,
77400,
87149,
93272,
1569,
-60926,
-35398,
-74437,
22056,
-92052,
-78318,
25911,
-30384,
-23980,
-56789,
60653,
-55209,
78394,
1082,
60365,
54063,
54030,
19187,
-80081,
28394,
-96787,
-20319,
89911,
82332,
-89557,
-84581,
41920,
-17984,
84624,
18367,
86162,
-73126,
38807,
21805,
75137,
18175,
50075,
59535,
22321,
50352,
87788,
24192,
-72632,
56575,
-46529,
-35062,
-59633,
48759,
-74045,
-70096,
93088,
-41788,
67230,
-35123,
-1644,
59392,
-25310,
-56770,
11612,
92528,
-20238,
-56106,
-15009,
57652,
-42952,
33778,
5983,
-43412,
25944,
-57811,
-96012,
94495,
96865,
-30434,
40606,
-20979,
-47688,
-66665,
28860,
45504,
75052,
93160,
-43939,
54719,
25278,
27950,
-40356,
-26070,
-76551,
-84256,
-56516,
6844,
-52078,
29792,
-29410,
43893,
-60800,
-30284,
-473,
19692,
58955,
83778,
-77185,
83765,
-74084,
98593,
-38654,
-2337,
24270,
-80666,
7079,
-58646,
14370,
66108,
-82524,
-13398,
87833,
30271,
-67627,
29097,
-25866,
-67947,
-66862,
10200,
98705,
-2857,
46572,
-32928,
98976,
96713,
-60180,
82596,
33808,
-90833,
86549,
91273,
70344,
-27705,
28803,
26685,
-33396,
61980,
49659,
-95885,
8664,
-97871,
92474,
-18187,
12316,
83987,
56060,
8928,
